COMISIÓN NACIONAL DEL AGUA
COORDINACIÓN GENERAL DEL SERVICIO METEOROLÓGICO NACIONAL
PROYECTO DE BASES DE DATOS CLIMATOLÓGICOS
    
                         AÑO  ENE    FEB    MAR    ABR    MAY    JUN    JUL    AGO    SEP    OCT    NOV    DIC  ACUMULADO  MEDIA  MESES
00015061
NEZAHUALCOYOTL, NEZAHUAL
DIAS CON GRANIZO
                         1967                                                  1      0      0      0      0          1.0       0.2  5
                         1968 0      0      0      0      0      0      0      0      0      0      0      0          0.0       0.0 12
                         1969 0      0      0      0      0      0      0      0      0      0      0      0          0.0       0.0 12
                         1970 0      0      0      0      0      0      0      0      0      0      0      0          0.0       0.0 12
                         1971 0      0      0      0      0      0      0      0      1      0      0      0          1.0       0.1 12
                         1972 0      0      0      0      0      0      1      0      0      0      0      0          1.0       0.1 12
                         1973 0      0      0      0      0      0      0      0      0      0      0      0          0.0       0.0 12
                         1974 0      0      0      1      1      0      2      0      0      0      0      0          4.0       0.3 12
                         1975 0      0      0      0      0      0      0      0      0      0      0      0          0.0       0.0 12
                         1976 0      0      0      0      2      0      0      1      0      0      0      0          3.0       0.3 12
                         1977 0      0      0      0      0      0      7      1      0      0      0      0          8.0       0.7 12
                         1978 0      0      0      0      0      1      0      1      0      1      2      2          7.0       0.6 12
                         1979 0      0      0      1      1      2      1      0      0      0      0      0          5.0       0.4 12
                         1980 0      0      0      0      1      0      1      1      0      0      1      0          4.0       0.3 12
                         1981 0      0      0      0      1      1      1      0      0      1      0      0          4.0       0.3 12
                         1982 0      0      0      1      2      2      1      1      0      0      0      0          7.0       0.6 12
                         1983 0      0      0      0      0      0      0      0      0      0      0      0          0.0       0.0 12
                         1984 0      0      0      0      0      2      2      0      0      0      0      0          4.0       0.3 12
                         1985 0      0      0      0      0      0      0      0      0      0      0      0          0.0       0.0 12
                         1986 0      0      0      0      0      2      0      0      1      0      0      0          3.0       0.3 12
                         1987 0      0      0      0      0      0      0      0      0      0      1      0          1.0       0.1 12
                         1988 0      0      0      0      0      0      0      0      0      0      0      0          0.0       0.0 12
                         1989 0      0      0      0      1      0      0      0      0      0      0      0          1.0       0.1 12
                         1990 0      0             0      0      0      0      0      0             0      0          0.0       0.0 10
                         1991 0      0      0      0      0      0      0      0      0                               0.0       0.0  9
                         1992                                           0      2             1      1      0          4.0       0.8  5
                         1993               0             0      0      0      0      0             0      0          0.0       0.0  8
                         1994 0      0      0      0      0      0      0      0      0      0      0      0          0.0       0.0 12
                         1995 0      0      0                           0      0      0      0      0      0          0.0       0.0  9
                         1996 0      0      0      2      0      0      0      1      0      0      0      0          3.0       0.3 12
                         1997 0      0      0      0      0      0      0      0      0      0      0      0          0.0       0.0 12
                         1998 0      0      0      0      0      0      0      0      0      0      0      0          0.0       0.0 12
                         1999 0      0      0      0      0      0      1      0      0      0                        1.0       0.1 10
                         2000                             0      0      0      0      0      0      0                 0.0       0.0  7
                         2001 0      0      0      0      0      0      0      0      0      0      0      0          0.0       0.0 12
                         2002 0      0      0      0      0      0      0      0      0      0      0      0          0.0       0.0 12
                         2003 0      0      0      0      0      0      0      0      0      0      0      0          0.0       0.0 12
                         2004 0             0      0      0      0      0      0      0      0      0      0          0.0       0.0 11
                         2005 0      0      0      0      0      0      0      0      0      0      0      0          0.0       0.0 12
                         2006 0      0      0      0      0      0      0      0      0      0      0      0          0.0       0.0 12
                         2010 0      0      0      2      0      0      0      0      0      0      0      0          2.0       0.2 12
                         2011 0      0      0      0      0      0      0      0      0      0      0      0          0.0       0.0 12
                         2012 0      0      0      0      0      0      0      0      0      0      0      0          0.0       0.0 12
                         2013 0      0      0      0      0      0      0      0      0      0      0      0          0.0       0.0 12
                         2014 0      0      0      0      0      0      0      0             0      0      0          0.0       0.0 11
                         2015        0      0      0      0      0      0      0      0             0      0          0.0       0.0 10
                         2016 0      0      0      0      0      0      0      0      0      0      0      0          0.0       0.0 12
                         2017 0      0      0      0      0      0      0      0      0      0      0      0          0.0       0.0 12

MINIMA                        0      0      0      0      0      0      0      0      0      0      0      0          0.0       0.0
MAXIMA                        0      0      0      2      2      2      7      2      1      1      2      2          8.0       0.8
MEDIA                         0      0      0      0.1627 0.2    0.2222 0.3617 0.1875 0.0434 0.0681 0.1087 0.0444     1.3       0.1
DESV. ESTANDAR                0      0      0      0.4845 0.5045 0.5988 1.1117 0.4451 0.2061 0.2549 0.3787 0.2981     2.16      0.2


DIAS CON NIEBLA 
                         1967                                                  0      0      0      2      1          3.0       0.6  5
                         1968 2      0      0      0      0      0      0      0      0      6      0      0          8.0       0.7 12
                         1969 1      0      0      0      0      0      0      0      0      0      0      2          3.0       0.3 12
                         1970 0      0      0      0      0      0      0      2      0      0      0      1          3.0       0.3 12
                         1971 1      0      0      0      0      0      0      0      0      0      1      0          2.0       0.2 12
                         1972 2      0      0      0      0      0      0      0      0      0      0      0          2.0       0.2 12
                         1973 2      0      0      0      0      0      0      0      0      2      0      5          9.0       0.8 12
                         1974 3      0      0      0      0      0      1      0      0      0      4      0          8.0       0.7 12
                         1975 8      1      0      0      0      0      0      0      1      0      0      4         14.0       1.2 12
                         1976 0      0      0      0      0      0      0      0      0      0      0      0          0.0       0.0 12
                         1977 0      0      0      1      0      0      0      0      0      3      5      2         11.0       0.9 12
                         1978 0      1      2      0      0      0      2      0      2      4      0      1         12.0       1.0 12
                         1979 1      2      0      0      0      0      0      0      0      2      2      4         11.0       0.9 12
                         1980 0      1      0      0      0      0      0      0      0      0      3      3          7.0       0.6 12
                         1981 1      0      0      1      0      0      0      0      0      0      1      0          3.0       0.3 12
                         1982 2      1      0      0      0      0      0      0      0      1      0      0          4.0       0.3 12
                         1983 3      0      0      1      0      1      0      0      0      0      0      0          5.0       0.4 12
                         1984 2      1      0      0      0      0      0      2      0      2      0      0          7.0       0.6 12
                         1985 2      0      0      1      0      0      1      1      0      0      1      1          7.0       0.6 12
                         1986 1      0      0      0      0      0      0      0      0      0      1      1          3.0       0.3 12
                         1987 0      0      0      0      0      0      0      0      0      1      0      0          1.0       0.1 12
                         1988 0      0      0      0      0      0      0      0      0      0      0      6          6.0       0.5 12
                         1989 0      0      0      0      0      0      0      0      0      0      0      0          0.0       0.0 12
                         1990 0      0             0      0      0      0      0      0             0      0          0.0       0.0 10
                         1991 0      0      0      0      0      0      0      0      0                               0.0       0.0  9
                         1992                                           0      0             0      0      0          0.0       0.0  5
                         1993               0             0      0      0      0      0             0      0          0.0       0.0  8
                         1994 0      0      0      0      0      0      0      0      0      0      0      0          0.0       0.0 12
                         1995 0      0      0                           0      0      0      0      0      2          2.0       0.2  9
                         1996 0      0      0      0      0      0      0      0      0      2      0      0          2.0       0.2 12
                         1997 0      0      0      0      0      0      0      0      0      0      0      0          0.0       0.0 12
                         1998 0      0      0      0      0      0      0      0      0      0      0      0          0.0       0.0 12
                         1999 1      0      0      0      0      0      0      0      0      0                        1.0       0.1 10
                         2000                             0      0      0      0      0      0      0                 0.0       0.0  7
                         2001 0      0      0      0      0      0      0      0      0      0      0      0          0.0       0.0 12
                         2002 0      0      0      0      0      0      0      0      0      0      0      0          0.0       0.0 12
                         2003 0      0      0      0      0      0      0      0      0      0      0      0          0.0       0.0 12
                         2004 0             0      0      0      0      0      0      0      0      0      1          1.0       0.1 11
                         2005 0      0      0      0      0      0      0      0      0      0      0      0          0.0       0.0 12
                         2006 0      0      0      0      0      0      0      0      0      0      0      0          0.0       0.0 12
                         2010 0      0      0      0      0      0      0      0      0      0      0      0          0.0       0.0 12
                         2011 0      0      0      0      0      0      0      0      0      0      0      0          0.0       0.0 12
                         2012 0      0      0      0      0      0      0      0      0      0      0      0          0.0       0.0 12
                         2013 0      0      0      0      0      0      0      0      0      0      0      0          0.0       0.0 12
                         2014 0      0      0      0      0      0      0      0             0      0      0          0.0       0.0 11
                         2015        0      0      0      0      0      0      0      0             6      3          9.0       0.9 10
                         2016 1      0      0      0      0      0      0      0      0      1      3      2          7.0       0.6 12
                         2017 1      0      0      0      0      0      0      0      0      0      7      3         11.0       0.9 12

MINIMA                        0      0      0      0      0      0      0      0      0      0      0      0          0.0       0.0
MAXIMA                        8      2      2      1      0      1      2      2      2      6      7      6         14.0       1.2
MEDIA                         0.7907 0.1627 0.0454 0.093  0      0.0222 0.0851 0.1041 0.0652 0.5454 0.7826 0.9333     3.4       0.3
DESV. ESTANDAR                1.4402 0.4326 0.3015 0.2939 0      0.149  0.3507 0.4247 0.3267 1.2474 1.6854 1.5285     4.08      0.3


DIAS CON TORMEN.
                         1967                                                  1      0      0      0      0          1.0       0.2  5
                         1968 0      0      0      0      0      0      0      0      0      0      0      0          0.0       0.0 12
                         1969 0      0      0      0      0      0      0      0      0      0      0      0          0.0       0.0 12
                         1970 0      0      0      0      0      0      0      0      0      0      0      0          0.0       0.0 12
                         1971 0      0      0      0      0      0      0      0      1      0      0      0          1.0       0.1 12
                         1972 0      0      0      2      0      0      0      0      0      0      0      0          2.0       0.2 12
                         1973 0      0      0      1      1      1      3      1      0      0      0      0          7.0       0.6 12
                         1974 0      0      0      0      0      1      0      0      0      0      0      0          1.0       0.1 12
                         1975 0      0      0      1      0      0      1      1      0      0      0      0          3.0       0.3 12
                         1976 0      0      0      0      1      1      2      1      0      0      0      0          5.0       0.4 12
                         1977 0      0      0      6      11     7      1      0      4      2      0      0         31.0       2.6 12
                         1978 0      0      0      1      3      4      3      2      0      1      3      1         18.0       1.5 12
                         1979 0      0      0      1      4      4      6      0      1      0      0      0         16.0       1.3 12
                         1980 0      0      0      3      2      4      1      4      0      0      1      0         15.0       1.3 12
                         1981 0      0      0      0      0      2      3      1      0      1      0      0          7.0       0.6 12
                         1982 0      0      0      1      0      2      2      2      0      0      0      0          7.0       0.6 12
                         1983 0      0      0      0      0      1      1      1      0      0      0      0          3.0       0.3 12
                         1984 0      0      0      0      0      3      3      0      0      1      0      0          7.0       0.6 12
                         1985 0      0      0      0      1      1      0      0      0      0      0      0          2.0       0.2 12
                         1986 0      0      0      0      2      4      0      0      1      0      0      0          7.0       0.6 12
                         1987 0      0      0      0      0      0      0      0      0      0      0      0          0.0       0.0 12
                         1988 0      0      0      0      0      0      0      0      0      0      0      0          0.0       0.0 12
                         1989 0      0      0      0      0      0      0      0      0      0      0      0          0.0       0.0 12
                         1990 0      0             0      0      0      0      0      0             0      0          0.0       0.0 10
                         1991 0      0      0      0      0      0      0      0      0                               0.0       0.0  9
                         1992                                           0      4             0      0      0          4.0       0.8  5
                         1993               0             0      0      0      0      0             0      0          0.0       0.0  8
                         1994 0      0      0      0      0      0      0      0      0      0      0      0          0.0       0.0 12
                         1995 0      0      0                           0      0      0      0      0      0          0.0       0.0  9
                         1996 0      0      0      0      0      0      0      0      0      0      0      0          0.0       0.0 12
                         1997 0      0      0      0      0      0      0      0      0      0      0      0          0.0       0.0 12
                         1998 0      0      0      0      0      0      0      0      0      0      0      0          0.0       0.0 12
                         1999 0      0      0      0      0      0      0      0      0      0                        0.0       0.0 10
                         2000                             0      0      0      0      0      0      0                 0.0       0.0  7
                         2001 0      0      0      0      0      0      0      0      0      0      0      0          0.0       0.0 12
                         2002 0      0      0      0      0      0      0      0      0      0      0      0          0.0       0.0 12
                         2003 0      0      0      0      0      0      0      0      0      0      0      0          0.0       0.0 12
                         2004 0             0      0      0      0      0      0      0      0      0      0          0.0       0.0 11
                         2005 0      0      0      0      0      0      0      0      0      0      0      0          0.0       0.0 12
                         2006 0      0      0      0      0      0      0      0      0      0      0      0          0.0       0.0 12
                         2010 0      0      0      1      0      0      0      0      0      0      0      0          1.0       0.1 12
                         2011 0      0      0      0      0      0      0      0      0      0      0      0          0.0       0.0 12
                         2012 0      0      0      0      0      0      0      0      0      0      0      0          0.0       0.0 12
                         2013 0      0      0      0      0      0      0      0      0      0      0      0          0.0       0.0 12
                         2014 0      0      0      0      0      0      0      0             0      0      0          0.0       0.0 11
                         2015        0      0      0      0      0      0      0      0             0      0          0.0       0.0 10
                         2016 0      0      0      0      0      0      0      0      0      0      0      0          0.0       0.0 12
                         2017 0      0      0      0      0      0      0      0      0      0      0      0          0.0       0.0 12

MINIMA                        0      0      0      0      0      0      0      0      0      0      0      0          0.0       0.0
MAXIMA                        0      0      0      6      11     7      6      4      4      2      3      1         31.0       2.6
MEDIA                         0      0      0      0.3953 0.5555 0.7777 0.5531 0.375  0.1521 0.1136 0.0869 0.0222     2.9       0.3
DESV. ESTANDAR                0      0      0      1.0721 1.8034 1.565  1.2302 0.9138 0.6313 0.3867 0.4631 0.149      5.99      0.5


EVAPORACION MEN.
                         2008                                                  116.33                               116.3     116.3  1

MINIMA                                                                         116.33                               116.3     116.3
MAXIMA                                                                         116.33                               116.3     116.3
MEDIA                                                                          116.33                               116.3     116.3
DESV. ESTANDAR                                                                 0                                      0.00      0.0


LLUVIA MAX 24 H.
                         1967                                                  20.2   26     10.3   9      0         65.5      13.1  5
                         1968 3.5    13.3   0      8      25.5   32.5   20.5   24.7   10     20.3   4      5        167.3      13.9 12
                         1969 8      4      4.5    14     7      10.5   30     27.5   14     4      0      0        123.5      10.3 12
                         1970 4      2      0      0.5    10.2   17     50     21.7   21.2   9      0.3    0        135.9      11.3 12
                         1971 0      0      9.5    4.1    38.1   23     17.5   59     22.2   14.7   2      8.7      198.8      16.6 12
                         1972 0      1.7    1.8    24.5   50.7   13.4   35.5   12.6   35     12.1   4.5    0        191.8      16.0 12
                         1973 0      0.5    0      28     12     18     22     35     21.5   9.1    8.7    0        154.8      12.9 12
                         1974 16.5   4.4    10.5   23.4   23.1   29.2   20.5   14.3   39.8   10.6   0      0        192.3      16.0 12
                         1975 24     4      0      17     18     23.2   11.3   30.2   19.9   17.1   0      0        164.7      13.7 12
                         1976 0      5.5    6.3    7.2    49.7   6.8    22.1   27.6   22.2   29.3   1.8    19.6     198.1      16.5 12
                         1977 0.4    3      0      7.5    19.5   40.7   28.5   16.1   27.2   13.5   1      1.4      158.8      13.2 12
                         1978 3.3    7.7    32     8.2    13.8   34     14.4   21.7   20     27.2   6.8    17.2     206.3      17.2 12
                         1979 0      4.6    2      17.7   21     16     36     23.1   38.9   7      0      9.8      176.1      14.7 12
                         1980 16.2   5.6    0.3    14.9   19.4   23.5   13.7   34.7   40     17.4   10     0        195.7      16.3 12
                         1981 21.6   19.5   8.6    13     16     49.9   22     19     20     21     0.4    1.5      212.5      17.7 12
                         1982 0      6.3    7.5    12     16.4   49     27.6   8.4    10.5   20.2   0.6    2.3      160.8      13.4 12
                         1983 15.1   10.6   8.6    0      13     16     15.5   17     14.5   17.6   2.5    6        136.4      11.4 12
                         1984 4.5    5      0.6    0.5    10.8   17     27.3   27     22     18.3   1      1        135.0      11.3 12
                         1985 2.6    1      2.3    16.7   16.2   38.2   20     26.5   38.3   11.2   2      0        175.0      14.6 12
                         1986 0      0.9    1.3    9      11.8   50.1   20     22     23     21.5   2.5    0        162.1      13.5 12
                         1987 0      1.6    3      5.5    7      27.3   24.5   31.2   41.4   0      10.5   0        152.0      12.7 12
                         1988 0.1    10.5   31     6.5    11.5   21.5   24.3   43     64     2.5    4      0        218.9      18.2 12
                         1989 0      0      9      0.3    9.5    32     17.5   22.5   13     20.3   0      8.5      132.6      11.1 12
                         1990 12.8   5             21.3   23.5   28     16.5   24.3   36            0      0        167.4      16.7 10
                         1991 0.2    0      11.2   10.1   21     30.6   29     21.5   27                            150.6      16.7  9
                         1992                                           31     28            28     24     3        114.0      22.8  5
                         1993               5             11     0      16     20     24            3      0         79.0       9.9  8
                         1994 16     0      2      9      11     19     15     24     28     38     2      3        167.0      13.9 12
                         1995 18     1.5    7                           28     27     12     4      14     19       130.5      14.5  9
                         1996 0      1      2      19.5   3      29.5   22.5   22     40.6   38     0      13       191.1      15.9 12
                         1997 0      0      13     16.3   16.3   27     36     8      14     7      2      3        142.6      11.9 12
                         1998 7      0      0      0.2    0      8.4    24.3   28     28     32     4      0        131.9      11.0 12
                         1999 0      0      0      1      9      21     29     37     28     26                     151.0      15.1 10
                         2000                             2      21     36     21.5   9      28     12              129.5      18.5  7
                         2001 3      0.1    0.1    23     29     27     27     44     43     29     13     6        244.2      20.4 12
                         2002 2      5      4      27     8      26     34     29     27.1   31     29     4        226.1      18.8 12
                         2003 2.2    0      4.7    6      3.6    50     56     21.2   27.1   0      0      0        170.8      14.2 12
                         2004 4             13     4.5    16     88.8   60     52.5   32.6   34.5   8      0        313.9      28.5 11
                         2005 4      10.3   0.6    10     46.3   34.3   38.7   60     22.8   45.1   1.5    3        276.6      23.1 12
                         2006 2      1      38     30     23.5   38.7   87.7   52.2   60     28     83.2   0.2      444.5      37.0 12
                         2007 15     30     15.1   12     45.5   60     80.6   53     53.1   30     1.5    1        396.8      33.1 12
                         2008 0      24     0      25     15     54.2   55     15.8   16     56.3   0      0        261.3      21.8 12
                         2009 5      1      4.3    4      10     19     80.6   20.5   59.5   28     0               231.9      21.1 11
                         2010 10.5   38.2   1      8.5    7.2    18     28.5   31     24     3      6      0        175.9      14.7 12
                         2011 0      0      24.7   0      0      36.3   22     19     40     15.5   10.4   0        167.9      14.0 12
                         2012 3.3    6      20     21     20     37.5   60     92     80     8      2.7    0        350.5      29.2 12
                         2013 0      0      0      6.2    16.4   20.5   42.2   17.6   36.7   18.5   4.5    0        162.6      13.6 12
                         2014 0      1      15     15.7   14.1   93.3   50.1   33.3          43.5   2.5    48.9     317.4      28.9 11
                         2015        5      80     14.4   65     0      22.7   26.3   20            8      13.5     254.9      25.5 10
                         2016 3.5    0      5.1    16.1   14.5   34     39.6   14.8   10     16     16.6   5        175.2      14.6 12
                         2017 0      0      13.5   3.5    6.9    26.4   24.1   60.2   23.8   5      2.6    0        166.0      13.8 12

MINIMA                        0      0      0      0      0      0      11.3   8      9      0      0      0         65.5       9.9
MAXIMA                        24     38.2   80     30     65     93.3   87.7   92     80     56.3   83.2   48.9     444.5      37.0
MEDIA                         4.963  5.2347 8.8957 11.8   17.875 29.943 32.256 29.19  29.12  19.714 6.5734 4.3319   190.3      17.0
DESV. ESTANDAR                6.7208 8.1054 13.951 8.4447 13.91  18.546 17.765 15.617 15.195 12.805 12.787 8.5095    72.94      5.9


LLUVIA TOTAL MEN
                         1967                                                  158.5  150.8  34.1   11     0        354.4      70.9  5
                         1968 3.5    15.1   0      38.3   62.2   204.9  92.5   93.5   62.9   50.3   4      15       642.2      53.5 12
                         1969 18     4      4.5    14     7      29.9   111.1  203.8  68.9   11     0      0        472.2      39.4 12
                         1970 4      3.5    0      0.5    34     96.4   183    90.7   94.3   20.9   0.3    0        527.6      44.0 12
                         1971 0      0      21.7   7.1    43.2   134    91.6   153.6  130.6  57.5   4      11.4     654.7      54.6 12
                         1972 0      1.7    3      64.9   135.6  80.6   169.1  62.3   101.6  34.2   6.6    0        659.6      55.0 12
                         1973 0      0.5    0      31.2   35.9   73.7   176.3  122.8  67.7   38     9.9    0        556.0      46.3 12
                         1974 16.5   7.7    23.4   28.6   50.2   128.2  142.5  52.5   86.3   15.8   0      0        551.7      46.0 12
                         1975 26.2   5.3    0      22     82.8   104.2  61.3   127.5  79.1   50.5   0      0        558.9      46.6 12
                         1976 0      8.1    6.8    40.2   142.4  19.2   104.6  183.5  104.5  109    4.1    39.6     762.0      63.5 12
                         1977 0.6    3      0      16     60.9   115.7  142.5  44.4   136.1  41.7   3.1    2.3      566.3      47.2 12
                         1978 3.6    10.5   55.1   8.2    34.4   210    99     63.6   67.6   119.4  20     26.4     717.8      59.8 12
                         1979 0      16.2   2.6    31.3   76.2   68.3   150.5  140    135.6  7      0      18.1     645.8      53.8 12
                         1980 37.3   9.1    0.3    52.8   50.1   118    59.5   149.5  91.9   49     21.4   0        638.9      53.2 12
                         1981 22.7   25.4   9.8    37.9   55.1   158.8  110.4  92.6   56.6   63.2   0.4    2.5      635.4      53.0 12
                         1982 0      10.2   21.5   35.4   65.1   124.8  168.4  49.2   27.7   46.4   0.6    2.5      551.8      46.0 12
                         1983 21     16.9   10.4   0      23.7   71     120.6  97.9   101.1  42.1   6.8    8.3      519.8      43.3 12
                         1984 8.4    8.4    0.6    0.5    39.9   85.3   196.3  157.6  125.5  35.9   1      2.7      662.1      55.2 12
                         1985 3.3    2      6.7    42.7   69     170.9  92.8   112.3  131.9  22.3   2.3    0        656.2      54.7 12
                         1986 0      0.9    2.3    28.6   90.5   239.5  86.2   122.2  80.9   76.6   10.2   0        737.9      61.5 12
                         1987 0      3.1    4.9    17.3   35.8   121.9  140.8  139.7  158.9  0      18.1   0        640.5      53.4 12
                         1988 0.1    15     37.6   15.7   50.6   108.9  134.2  104.2  105.3  3.3    4      0        578.9      48.2 12
                         1989 0      0      10     0.3    36.4   135.4  66.4   162.2  80.9   28.5   0      17.5     537.6      44.8 12
                         1990 14.8   15.6          72     96.2   129.2  160.8  152.2  153.2         0      0        794.0      79.4 10
                         1991 0.3    0      13.4   16.1   131.2  468.8  451.2  83.3   172.2                       1,336.5     148.5  9
                         1992                                           222    162.1         291.1  140    3        818.2     163.6  5
                         1993               11.5          21.8   0      125    65.9   91.5          5.3    0        321.0      40.1  8
                         1994 18     0      3.5    23.1   40     82.9   68.7   56.5   88.5   94.1   2.1    3        480.4      40.0 12
                         1995 20     2      9.9                         121.5  183.8  57.5   13.4   48     27.2     483.3      53.7  9
                         1996 0      1.5    3.3    39     8.2    114.1  81.7   168.4  156.8  130.2  0      16.2     719.4      60.0 12
                         1997 0      0      24.2   83.6   54.3   71.1   155.7  42     52     34.5   7.3    7.1      531.8      44.3 12
                         1998 7.1    0      0      0.2    0      25.2   78.7   142.9  222.5  257.5  5.1    0        739.2      61.6 12
                         1999 0      0      0      1.1    14     104.5  373.2  401    240    108.5                1,242.3     124.2 10
                         2000                             10.6   187.8  158.3  234.1  77.5   95.6   29.5            793.4     113.3  7
                         2001 5      0.1    0.1    90     222.1  236    317    232.4  249    298    55.3   8.1    1,713.1     142.8 12
                         2002 2.1    7      9.1    113.4  14     93.6   301    237.6  166.1  134.2  80.4   4      1,162.5      96.9 12
                         2003 2.4    0      12.5   39.9   9.3    301.3  248.7  81.6   166.1  0      0      0        861.8      71.8 12
                         2004 11.5          31.4   23.6   47.3   303.5  197.1  271.4  186.4  108.2  12.5   0      1,192.9     108.4 11
                         2005 11     14     1.7    18     55.7   69.5   203.4  245    50.8   115    2.8    4.2      791.1      65.9 12
                         2006 2.1    1      58.5   49.9   141.7  202.5  313.6  242.9  256.4  84.6   149.7  0.2    1,503.1     125.3 12
                         2007 17     57.9   28.5   46.3   183    255.3  284.7  204.4  150.6  69.7   1.5    1      1,299.9     108.3 12
                         2008 0      24     0      88.3   29.3   180.4  369.1  103.3  98.9   150.1  0      0      1,043.4      87.0 12
                         2009 17.5   1      8.2    9.7    33.9   61.8   284.7  85.3   251.9  84     0               838.0      76.2 11
                         2010 22.5   86.1   1      33     21.6   85.5   153.4  548.5  252    9      15.2   0      1,227.8     102.3 12
                         2011 0      0      24.7   0      0      114.2  113.2  79.3   68.3   46.6   19.3   0        465.6      38.8 12
                         2012 4.5    33     31.1   31     27.7   121.5  432.9  366    290.2  13.7   5.9    0      1,357.5     113.1 12
                         2013 0      0      0      20.5   74.5   105.2  125.1  70.3   120.2  49.1   12.3   0        577.2      48.1 12
                         2014 0      1.2    33.5   41.6   53     308.1  147    113.2         163.3  5      50.4     916.3      83.3 11
                         2015        7      312.5  26.8   422.3  0      102.4  76.1   78.7          10.3   19.7   1,055.8     105.6 10
                         2016 6.4    0      12.6   26.8   81.3   153.2  124.7  117.7  48.4   24.5   38.4   5        639.0      53.3 12
                         2017 0      0      26.9   7      24.3   107    173.8  177.8  78.4   11     2.6    0        608.8      50.7 12

MINIMA                        0      0      0      0      0      0      59.5   42     27.7   0      0      0        321.0      38.8
MAXIMA                        37.3   86.1   312.5  113.4  422.3  468.8  451.2  548.5  290.2  298    149.7  50.4   1,713.1     163.6
MEDIA                         7.1173 9.0869 18.708 31.182 64.547 135.03 171.76 149.59 123.89 71.119 15.842 6.2851   771.4      70.6
DESV. ESTANDAR                9.2761 15.917 46.092 26.326 70.644 89.231 96.139 95.783 64.903 70.2   31.214 11.048   308.97     31.7


TEMP MAXIMA EXT.
                         2007                                                  28.5                                  28.5      28.5  1
                         2008                                           28.5   22     27.5   31     32.5   32.5     174.0      29.0  6
                         2009 32.5   30     32     33.5   33     32.5          32     31.5   33     32              322.0      32.2 10
                         2010 33     31.5   34     31     34.5   33     29.5   29     27     26     29     24       361.5      30.1 12
                         2011 26.5   28     31     32     34     30     28     30     28     27     27     26       347.5      29.0 12
                         2012 34     27     30     31     32     32     28     30     28     28     26     25       351.0      29.3 12
                         2013 25     31     30.5   32.5   32     29     28.5   28     27     27.5   26.5   26.5     344.0      28.7 12
                         2014 25     27.5   31.5   33     30     29     28     28            28     36     27       323.0      29.4 11
                         2015        30     29     31     30     29     29     29     29            28     28       292.0      29.2 10
                         2016 27     29     32     33     34     29     28     28     28     28     28     28       352.0      29.3 12
                         2017 28     29     30     31     34     31     28     29     29     27     28     25       349.0      29.1 12

MINIMA                        25     27     29     31     30     29     28     22     27     26     26     24        28.5      28.5
MAXIMA                        34     31.5   34     33.5   34.5   33     29.5   32     31.5   33     36     32.5     361.5      32.2
MEDIA                         28.875 29.222 31.111 32     32.611 30.5   28.388 28.5   28.333 28.388 29.3   26.888   295.0      29.4
DESV. ESTANDAR                3.7105 1.5433 1.4743 1.0307 1.728  1.6583 0.5464 2.4596 1.3919 2.2047 3.1902 2.5097   102.99      1.0


TEMP MAXIMA PROM
                         2007                                                  23.774                                23.8      23.8  1
                         2008                                           23.322 21.225 23.816 24.258 27.683 29.193   149.5      24.9  6
                         2009 26.935 25.767 28.064 29.853 29.032 28.45         29.403 27.9   31.274 25.55           282.2      28.2 10
                         2010 24.45  24.892 29.225 28.516 30.887 29.883 23.951 25.387 24.733 23.612 27.083 21.951   314.6      26.2 12
                         2011 24.003 25.285 26.193 29.233 29.7   26.8   24.709 26.096 24.7   23.838 23.333 22.451   306.3      25.5 12
                         2012 22.322 23     26.483 26.833 28.161 26.933 25     25.483 24.833 25.806 22.933 23.064   300.9      25.1 12
                         2013 21.645 26.357 25.483 29.433 28.612 15.466 26.29  25.241 24.4   24.225 22.083 23.112   292.4      24.4 12
                         2014 21.806 25.678 27.661 28.4   26.274 25.016 24.58  24.935        23.887 23.95  22.29    274.5      25.0 11
                         2015        24.142 24.467 27.7   26.483 25.75  26.225 26.338 25.6          24.633 24       255.3      25.5 10
                         2016 21.935 24.965 25.129 28.833 28.871 25.8   25.967 26.032 25.733 24.193 22.3   24.741   304.5      25.4 12
                         2017 24.612 25.642 25.419 27.866 30.161 27.7   25.354 26.032 24.133 23.774 24.133 22.935   307.8      25.6 12

MINIMA                        21.645 23     24.467 26.833 26.274 15.466 23.322 21.225 23.816 23.612 22.083 21.951    23.8      23.8
MAXIMA                        26.935 26.357 29.225 29.853 30.887 29.883 26.29  29.403 27.9   31.274 27.683 29.193   314.6      28.2
MEDIA                         23.464 25.081 26.458 28.518 28.687 25.755 25.044 25.45  25.094 24.985 24.368 23.749   255.6      25.4
DESV. ESTANDAR                1.8643 1.0046 1.5618 0.9471 1.5471 4.1377 1.0237 1.9616 1.221  2.4451 1.9057 2.2155    89.79      1.1


TEMP MEDIA MENS.
                         2007                                                  16.508                                16.5      16.5  1
                         2008                                           17.483 11.596 17.391 17.5   17.941 18.258   100.2      16.7  6
                         2009 17.387 16.946 19.193 21.176 20.596 21.316        21.862 20.775 23.346 18.591          201.2      20.1 10
                         2010 16.677 17.33  20.661 20.608 22.798 23.216 19.29  20.096 19.666 18.838 19.025 12.112   230.3      19.2 12
                         2011 13.961 15.848 17.879 21.083 21.798 19.933 19.225 19.758 18.383 16.395 16.283 14.548   215.1      17.9 12
                         2012 14.629 16.172 18.241 18.766 20.451 20.258 18.838 19.419 18.683 17.741 15.433 15.08    213.7      17.8 12
                         2013 14.435 17.562 17.266 21.166 21.177 14.4   19.927 19.354 19.15  18.185 15.958 15.588   214.2      17.8 12
                         2014 13.733 17.125 19.532 20.491 19.411 19.45  18.661 18.725        17.443 16.408 15.306   196.3      17.8 11
                         2015        15.91  17.443 19.933 19.661 19.558 19.411 19.483 19.183        17.85  16.387   184.8      18.5 10
                         2016 14.177 15.551 17.758 20.3   21.338 19.666 19.661 19.661 19.533 17.467 16.175 16.822   218.1      18.2 12
                         2017 15.532 16.892 17.403 19.7   22.419 20.85  19.322 20.161 18.866 17.741 15.95  14.322   219.2      18.3 12

MINIMA                        13.733 15.551 17.266 18.766 19.411 14.4   17.483 11.596 17.391 16.395 15.433 12.112    16.5      16.5
MAXIMA                        17.387 17.562 20.661 21.176 22.798 23.216 19.927 21.862 20.775 23.346 19.025 18.258   230.3      20.1
MEDIA                         15.066 16.593 18.375 20.358 21.072 19.85  19.091 18.784 19.07  18.295 16.961 15.38    182.7      18.1
DESV. ESTANDAR                1.3402 0.7299 1.1684 0.7968 1.1599 2.3622 0.7132 2.6995 0.9338 2.0028 1.2655 1.732     65.43      1.0


TEMP MINIMA EXT.
                         2007                                                  5                                      5.0       5.0  1
                         2008                                           8      1      5      5      4      2.5       25.5       4.3  6
                         2009 5.5    3      4.5    8.5    7      11.5          12     8.5    12     9.5              82.0       8.2 10
                         2010 5      5.5    8.5    9      12.5   14     13.5   13     13     10     4.5    -1       107.5       9.0 12
                         2011 1      3.5    5      11     8      9      11     12     5      3      0      3         71.5       6.0 12
                         2012 4      6      6      6      9      12     9      9      10     6      5      4         86.0       7.2 12
                         2013 2      5      -1     9.5    11     11     12     12     12     6      4      4         87.5       7.3 12
                         2014 1.5    6      9      9.5    7.5    12     11     11            7      2      5         81.5       7.4 11
                         2015        3      7      9      11     10     11     11     11            9      7         89.0       8.9 10
                         2016 3      2      5      7      12     11     12     5      11     8      5      6         87.0       7.3 12
                         2017 4      6      7      8      11     11     12     12     8      6      4      0         89.0       7.4 12

MINIMA                        1      2      -1     6      7      9      8      1      5      3      0      -1         5.0       4.3
MAXIMA                        5.5    6      9      11     12.5   14     13.5   13     13     12     9.5    7        107.5       9.0
MEDIA                         3.25   4.4444 5.6666 8.6111 9.8888 11.277 11.055 9.3636 9.2777 7      4.7    3.3888    73.8       7.1
DESV. ESTANDAR                1.6475 1.5701 2.9474 1.4743 2.0429 1.3944 1.6666 3.9312 2.8843 2.6925 2.8401 2.6193    30.51      1.5


TEMP MINIMA PROM
                         2007                                                  9.2419                                 9.2       9.2  1
                         2008                                           11.645 1.9677 10.966 10.741 8.2    7.3225    50.8       8.5  6
                         2009 7.8387 8.125  10.322 12.5   12.161 14.183        14.322 13.65  15.419 11.633          120.2      12.0 10
                         2010 8.9032 9.7678 12.096 12.7   14.709 16.55  14.629 14.806 14.6   14.064 10.966 2.2741   146.1      12.2 12
                         2011 3.9193 6.4107 9.5645 12.933 13.896 13.066 13.741 13.419 12.066 8.9516 9.2333 6.6451   123.8      10.3 12
                         2012 6.9354 9.3448 10     10.7   12.741 13.583 12.677 13.354 12.533 9.6774 7.9333 7.0967   126.6      10.5 12
                         2013 7.2258 8.7678 9.0483 12.9   13.741 13.333 13.564 13.467 13.9   12.145 9.8333 8.0645   136.0      11.3 12
                         2014 5.6612 8.5714 11.403 12.583 12.548 13.883 12.741 12.516        11     8.8666 8.3225   118.1      10.7 11
                         2015        7.6785 10.419 12.166 12.838 13.366 12.596 12.629 12.766        11.066 8.7741   114.3      11.4 10
                         2016 6.4193 6.1379 10.387 11.766 13.806 13.533 13.354 13.29  13.333 10.741 10.05  8.9032   131.7      11.0 12
                         2017 6.4516 8.1428 9.3871 11.533 14.677 14     13.29  14.29  13.6   11.709 7.7666 5.7096   130.6      10.9 12

MINIMA                        3.9193 6.1379 9.0483 10.7   12.161 13.066 11.645 1.9677 10.966 8.9516 7.7666 2.2741     9.2       8.5
MAXIMA                        8.9032 9.7678 12.096 12.933 14.709 16.55  14.629 14.806 14.6   15.419 11.633 8.9032   146.1      12.2
MEDIA                         6.6693 8.1052 10.292 12.198 13.458 13.944 13.138 12.118 13.046 11.605 9.555  7.0125   109.8      10.7
DESV. ESTANDAR                1.4845 1.2187 0.9681 0.7414 0.9255 1.0386 0.8463 3.6734 1.0909 2.0467 1.3808 2.0581    41.44      1.1


